.Random.seed <-
c(403L, 10L, 925453649L, -1151892224L, -1282920482L, -1869927383L, 
164629467L, -128978710L, -1915412852L, 849682895L, -222907003L, 
697454140L, 5948178L, 1423548429L, 2016740167L, 448608558L, 604106888L, 
2050200971L, 765693289L, 702152504L, -132914714L, -1233193599L, 
17967379L, -1098783038L, -523959948L, 1371462007L, 1727523437L, 
-337271548L, -1438367702L, 508534165L, 56091183L, -54956234L, 
-194744480L, -1889512029L, -164012351L, -843655504L, 105828814L, 
-1420229319L, -350004917L, -833377542L, -510325764L, 167914559L, 
-1794738923L, -707338708L, -2073500926L, 2130124765L, -595354921L, 
-98822722L, 430960632L, -1829098533L, -1875425735L, -1761251448L, 
-1165742282L, -1073189519L, -2043967581L, -549859598L, -1200155068L, 
169679111L, 2022883549L, 597984724L, 741234938L, 471613509L, 
-1072125793L, -67472858L, -2045753680L, 1943251795L, -2021079439L, 
-1922045024L, 761625406L, -1533296055L, 1529722619L, -588888374L, 
2017884204L, -1211523025L, 465756389L, 1305577884L, -1963133966L, 
-31642003L, 295082919L, 976840142L, -1444293848L, -44598997L, 
1741964105L, 46344280L, 966577414L, 1898514657L, 1791811699L, 
-107381534L, 390310996L, -110816937L, -791776947L, -995179292L, 
-511354678L, -1519733451L, -1825301617L, 924999830L, 865271872L, 
-1265456893L, 1474430241L, -411073008L, -1543408146L, -1461442151L, 
-1943902677L, -1344704742L, -1567672868L, -1613390881L, 1429629877L, 
1820775756L, -1060838494L, -348402947L, 1951511543L, 312937758L, 
1454040L, 1229660475L, 537605849L, -875025816L, 1925528470L, 
-959471855L, -1957115709L, -503015214L, 863477092L, -1259331417L, 
401978877L, 1619322868L, -1298566950L, 1043857957L, -1189896385L, 
-1931514682L, 370385232L, 684257651L, 1333263249L, 1498230208L, 
-62920802L, -417908375L, -1592370789L, 958016682L, -1268417844L, 
14779279L, -260081723L, 123403132L, -1478835246L, -1827597491L, 
1506169351L, -688950802L, 2115538120L, -1227127861L, -174881239L, 
113855608L, 479087014L, 380758977L, 1741203539L, -1413038334L, 
210381364L, 773341111L, -1527988307L, 1408588996L, 1371541738L, 
-58980523L, 1981913327L, -528003338L, 994212384L, -218304541L, 
1443464321L, 884626160L, 783481230L, -2071423239L, 151938187L, 
1322781882L, -1320728644L, 648574207L, -1910187947L, 597257068L, 
-1762917438L, -391298019L, 12235927L, 845627902L, -729071176L, 
-590066277L, 1561662457L, -554378424L, -575719818L, -1130188879L, 
1731973603L, 840652466L, 1108896516L, -1868359609L, 1936559901L, 
-1996974700L, -423708358L, 14869893L, 1081683551L, -2119141146L, 
-378225808L, -1432396653L, 1198508337L, -96333856L, -275647362L, 
1392097033L, 1316387131L, -1922786038L, -1110518548L, -1374961297L, 
-285276507L, -741975972L, 1454141490L, 943400749L, 1193584103L, 
2014976270L, 453967592L, -1339158293L, 578130313L, 1971523864L, 
-2047957946L, 798698657L, -598756557L, 984849058L, -66686572L, 
463061015L, 1734219789L, -1724691164L, 357595402L, -1792257931L, 
-296961073L, 182349014L, -1502438272L, 692028099L, -727782303L, 
2003750096L, 2029837870L, 798004386L, 1955130184L, -330670324L, 
1992466140L, 2139451218L, 1547843200L, -1765156780L, -1722702872L, 
-1489675526L, -1378499248L, 2054467372L, -1824996492L, 1284600722L, 
-242507168L, 730937228L, -80365728L, 1055896546L, -1592300632L, 
-675185460L, 1975171580L, 1519331250L, 44742128L, -721742396L, 
-1715082920L, 822943098L, 1534467504L, -759499844L, -1041416108L, 
678793154L, 497405984L, -2000473924L, 665389648L, -1767434270L, 
623132264L, 559320652L, 1488036092L, -524359694L, 434177280L, 
-1135586444L, -1509666808L, -1624501830L, 1667296720L, -1355566100L, 
-1948890220L, -1103254574L, 1222322016L, 963199308L, 257921312L, 
-2112995454L, 853681896L, -820176660L, 1918965308L, -971803790L, 
15390320L, -173603804L, -1577566408L, 1465481370L, -328655152L, 
114793660L, -668251500L, -493776254L, 990298304L, -1465092804L, 
-1006339952L, -2087741918L, 2099630600L, 434101516L, 1737151132L, 
1218283026L, 580192640L, 1369291284L, 1590578728L, 960139578L, 
-1002193968L, -1408008596L, 1119286068L, 1281594002L, -1797995168L, 
-581124788L, 2115482592L, 327487394L, -920248408L, 115271564L, 
-963728708L, 1919423346L, 805267696L, 1233536068L, 960365912L, 
-1125883846L, 262959984L, -1707641796L, 982416148L, -1612249662L, 
-1244857120L, 128769916L, 422434512L, 203614882L, 1264272424L, 
-313249524L, 591739836L, -1103438542L, 750176192L, -1706871244L, 
1571079112L, 1326218426L, -13541488L, -875314708L, 1117852756L, 
1996835474L, -21664992L, 979315148L, -140545056L, 1700040386L, 
818566696L, 1253854892L, 112721596L, -1607089678L, 603255088L, 
150735012L, 1993947832L, 228046682L, -456536688L, -1496670852L, 
-1864627948L, -216038078L, 1448170240L, 554550204L, -1601735856L, 
1776344354L, -84833976L, -945038324L, 1179882588L, -243989294L, 
-393874432L, -832084140L, -1255974424L, -532405254L, -1990532400L, 
-333132500L, 1512785140L, 741102482L, 1609241696L, 1752561932L, 
1437954784L, -1029489310L, -1189988696L, 2120572492L, -237350020L, 
1658167090L, 962087536L, 1644638532L, -71096360L, -917293958L, 
-1565652432L, 1707808444L, 654886740L, 1986115138L, 503240608L, 
1812055228L, 998101456L, 1599893858L, -527986712L, 378631116L, 
289224444L, 1460827122L, -151499648L, -1548924684L, -1461968760L, 
-2056457926L, -1497167024L, -449032084L, 342174868L, 511350098L, 
-398918944L, -1333396276L, 423388320L, 2089108866L, 1283986664L, 
-873716500L, 736864316L, 528133234L, -1234105232L, 976097828L, 
156120632L, 216211994L, 14732496L, -1765945796L, -1891776364L, 
1526887554L, 2029597632L, -2081470148L, 1340935824L, 1235653666L, 
1296482312L, -1371618164L, -1538687972L, 1589153938L, 895196288L, 
-484373484L, 2047747880L, -648835014L, 632772816L, 1947566188L, 
-783558988L, 734526482L, -1232612384L, 789980108L, 1902201312L, 
541005858L, -992785112L, -2050768628L, -514112964L, -1054185230L, 
-1312690960L, -218767548L, -985465768L, 675642938L, 1667455216L, 
641287868L, 1327407636L, -477813566L, -180102560L, -1688182404L, 
-316662576L, -215764958L, -487377752L, 136311180L, -1469941049L, 
277821585L, 1721583126L, 1505617012L, -1703272699L, 2079763791L, 
479735624L, -1749596442L, 1940441107L, -125145227L, -2145894574L, 
-565241952L, -1509821815L, -1935608133L, -247163636L, -1620854630L, 
-1605140977L, -1308542375L, 842012398L, 713688444L, -207690259L, 
52101783L, 351583584L, -424834754L, -1679429109L, 339797645L, 
2125728698L, -1854299656L, -920171103L, 2002264915L, 1474316916L, 
331516930L, 2039553687L, 1014425697L, -362617690L, 1421169828L, 
1829664085L, 1246576127L, 1570075800L, -494444106L, 2121783875L, 
1881276293L, 2103835682L, -1497239792L, 1425566393L, 1394974571L, 
-230875556L, 1396081546L, 868621183L, 255641289L, 719949662L, 
960017420L, 1495831517L, 1651996391L, 1968699152L, -892017106L, 
-1118552869L, -1314491971L, -923865302L, -987310136L, 702123249L, 
1850860131L, 1468581476L, -1796190830L, 902212199L, 1159602737L, 
-2084819082L, 1449563284L, -1369486683L, 2068473775L, -165178264L, 
997496902L, -1445106189L, -472897195L, 2000280370L, 1196605184L, 
-829912087L, -1706789285L, 1918929068L, 1711660730L, -1457218449L, 
-1049781767L, -548668274L, -1386941092L, -1073904179L, 1288980791L, 
-1400450112L, 450669726L, 218878315L, 1915914477L, 629977434L, 
1793542680L, 1781159809L, -61336269L, -1152017580L, 939847010L, 
-1265332745L, 85222977L, 685400774L, 2011452420L, 1083745205L, 
1378679967L, 1924126968L, 924651734L, -274704029L, -1504545499L, 
445780674L, 40427440L, -1025825831L, -736613045L, -1662497860L, 
-345943062L, -1015671777L, 304222889L, -1873897922L, 1235815212L, 
451904893L, 961727431L, -756647248L, 443345102L, -819953157L, 
-596094371L, 1961184650L, -565209688L, 1844525841L, 114432515L, 
-723718908L, -181278414L, -1281689721L, -706091567L, 2114508630L, 
465823028L, 464038981L, -995273585L, 441516552L, -728793562L, 
635684563L, -1126090699L, 1499240338L, 647980896L, -796400951L, 
1942709755L, -1675128372L, 1399674970L, 72623439L, -44880871L, 
-163335634L, -2008469444L, -1047685715L, 2130880087L, -1678010464L, 
